3
37
46
53
77
86
104
244
250
255
285
290
363
371
383
402
437
467
479
494
536
547
558
571
577
623
649
676
707
736
751
773
784
819
827
868
877
950
979
984
1005
1016
1026
1027
1132
1141
1150
1156
1162
1170
1187
1187
1213
1225
1237
1274
1396
1408
1427
1484
1495
1507
1511
1529
1538
1545
1575
1576
1580
1627
1629
1641
1652
1655
1668
1705
1763
1767
1772
1788
1814
1873
1878
1885
1920
1943
1972
1979
2010
2029
2030
2094
2110
2114
2117
2118
2133
2146
2303
2332
2336
2345
2355
2385
2389
2390
2425
2437
2437
2460
2462
2491
2501
2524
2527
2567
2617
2640
2641
2653
2675
2741
2753
2760
2784
2793
2808
2820
2830
2837
2867
2884
2901
2918
2938
2939
2967
2973
2984
2986
3030
3030
3047
3118
3134
3144
3162
3191
3191
3218
3258
3281
3286
3333
3339
3367
3383
3384
3387
3421
3451
3547
3550
3576
3595
3634
3648
3656
3659
3664
3679
3680
3687
3740
3743
3765
3797
3835
3877
3881
3892
3898
3916
3946
3975
3977
4054
4059
4122
4124
4148
4174
4188
4208
4253
4261
4274
4300
4411
4417
4423
4429
4431
4444
4473
4482
4485
4487
4488
4529
4575
4585
4610
4634
4673
4674
4678
4686
4776
4779
4780
4788
4799
4803
4813
4818
4825
4858
4864
4873
4915
4956
4968
4999
5005
5015
5055
5056
5070
5074
5076
5094
5115
5136
5180
5185
5197
5211
5233
5295
5304
5327
5339
5373
5402
5406
5414
5417
5434
5437
5468
5520
5585
5595
5612
5621
5622
5633
5672
5684
5709
5722
5762
5762
5782
5787
5809
5814
5855
5857
5877
5903
5921
5940
5999
6041
6056
6066
6092
6094
6101
6127
6130
6136
6136
6145
6151
6232
6240
6252
6294
6298
6327
6362
6417
6472
6473
6483
6501
6567
6567
6581
6581
6595
6647
6712
6748
6834
6859
6877
6920
6928
6950
6971
6981
6992
7003
7011
7014
7038
7061
7088
7104
7155
7179
7181
7182
7201
7211
7257
7263
7281
7283
7344
7376
7382
7395
7409
7419
7446
7454
7557
7573
7577
7585
7590
7616
7623
7641
7727
7735
7738
7751
7778
7784
7788
7792
7796
7797
7832
7849
7857
7860
7889
7896
7953
8002
8064
8093
8099
8103
8128
8218
8239
8247
8259
8333
8339
8346
8360
8371
8398
8403
8408
8414
8425
8444
8449
8495
8518
8578
8608
8638
8642
8663
8671
8675
8695
8703
8733
8764
8783
8826
8837
8892
8907
8910
8929
8940
8951
8957
8992
9006
9012
9040
9063
9073
9091
9120
9130
9143
9154
9267
9273
9279
9309
9344
9357
9360
9418
9428
9510
9510
9519
9527
9561
9589
9601
9615
9645
9688
9693
9720
9725
9741
9747
9750
9750
9757
9763
9781
9889
9905
9925
9941
9945
10030
10050
10068
10083
10098
10130
10146
10149
10220
10224
10226
10251
10254
10296
10310
10325
10345
10408
10437
10474
10483
10490
10493
10515
10533
10543
10551
10559
10577
10585
10591
10635
10637
10645
10681
10763
10771
10821
10824
10837
10882
10923
10944
10961
10975
10980
11008
11058
11085
11096
11186
11215
11238
11243
11248
11257
11298
11299
11326
11328
11363
11370
11390
11417
11419
11444
11456
11507
11510
11515
11516
11534
11545
11604
11606
11633
11653
11689
11698
11706
11734
11749
11759
11779
11818
11819
11854
11918
11953
11996
12003
12008
12034
12090
12102
12109
12110
12153
12185
12211
12237
12299
12376
12381
12393
12399
12406
12417
12456
12469
12475
12491
12507
12551
12556
12580
12660
12704
12708
12731
12744
12767
12781
12789
12807
12817
12825
12836
12844
12874
12936
12938
12979
12988
13032
13034
13045
13046
13050
13124
13145
13155
13177
13179
13188
13219
13263
13279
13287
13323
13351
13390
13393
13393
13401
13408
13429
13485
13496
13534
13571
13582
13592
13605
13642
13676
13704
13727
13729
13745
13763
13766
13800
13820
13828
13848
13848
13856
13893
13919
13969
13992
14012
14103
14118
14157
14187
14199
14201
14239
14279
14279
14281
14282
14317
14335
14383
14437
14453
14522
14558
14578
14592
14602
14625
14650
14690
14703
14705
14765
14816
14870
14877
14891
14894
14931
14981
15060
15119
15129
15155
15156
15160
15164
15187
15228
15261
15268
15269
15304
15343
15381
15387
15469
15486
15502
15536
15549
15564
15571
15589
15646
15647
15650
15742
15784
15815
15817
15831
15853
15872
15897
15897
15916
15929
15934
15958
15970
15977
15990
15990
15998
16061
16101
16178
16188
16214
16232
16253
16255
16287
16306
16314
16333
16359
16395
16406
16412
16418
16471
16531
16542
16556
16561
16573
16594
16603
16607
16608
16611
16630
16642
16654
16660
16660
16664
16668
16687
16700
16725
16731
16743
16755
16770
16783
16804
16819
16829
16852
16859
16868
16960
16991
17005
17009
17065
17133
17150
17164
17190
17206
17240
17246
17289
17330
17440
17444
17451
17479
17480
17484
17504
17531
17533
17541
17551
17592
17616
17629
17659
17673
17698
17705
17717
17734
17739
17757
17763
17774
17776
17780
17811
17828
17846
17884
17895
17928
17933
18009
18023
18050
18054
18113
18153
18215
18218
18226
18252
18290
18323
18342
18344
18371
18377
18396
18401
18427
18439
18459
18477
18532
18555
18555
18620
18627
18664
18692
18710
18832
18848
18865
18886
18913
18923
18958
18961
18997
19023
19057
19072
19083
19088
19097
19107
19193
19215
19241
19281
19300
19326
19331
19344
19373
19387
19442
19469
19609
19678
19685
19715
19771
19774
19829
19830
19832
19840
19846
19857
19866
19896
19923
19925
19928
19939
19949
19953
20000
20025
20034
20065
20080
20084
20089
20128
20147
20148
20171
20181
20233
20302
20348
20350
20378
20399
20402
20459
20464
20471
20486
20527
20535
20536
20537
20539
20552
20557
20567
20642
20683
20705
20718
20745
20761
20788
20805
20841
20864
20911
20922
20934
20943
20949
20983
20987
21035
21050
21051
21063
21130
21134
21244
21247
21252
21256
21277
21283
21325
21325
21326
21331
21352
21383
21399
21402
21432
21437
21439
21464
21494
21495
21500
21500
21517
21519
21520
21533
21535
21541
21549
21556
21590
21649
21712
21724
21735
21737
21738
21781
21792
21827
21836
21929
22004
22028
22035
22077
22151
22171
22224
22227
22236
22241
22243
22264
22270
22299
22309
22339
22353
22390
22407
22422
22433
22435
22455
22456
22484
22484
22484
22499
22565
22571
22580
22582
22587
22594
22602
22624
22655
22708
22709
22714
22727
22741
22756
22757
22770
22770
22774
22792
22840
22869
22883
22884
22904
22925
22926
22938
22957
22958
22982
22998
23051
23080
23109
23118
23177
23191
23208
23231
23258
23340
23390
23429
23438
23446
23452
23484
23490
23559
23563
23595
23595
23596
23675
23716
23719
23812
23815
23860
23866
23890
23929
23955
23989
24025
24027
24043
24092
24148
24172
24203
24275
24279
24280
24288
24288
24305
24330
24362
24369
24387
24393
24395
24398
24435
24443
24557
24580
24583
24596
24644
24746
24758
24765
24773
24842
24848
24859
24877
24889
24893
24895
24936
24959
24994
24999
25033
25088
25098
25145
25146
25157
25157
25164
25177
25185
25203
25226
25250
25259
25271
25308
25318
25348
25424
25451
25453
25457
25474
25484
25523
25532
25558
25577
25610
25636
25638
25641
25656
25696
25700
25718
25749
25783
25799
25821
25841
25898
25903
25937
25952
25999
26010
26012
26044
26050
26050
26120
26124
26127
26199
26205
26286
26300
26310
26318
26349
26422
26427
26508
26540
26680
26726
26741
26748
26757
26764
26770
26788
26907
26907
26913
26913
26921
26947
26955
26968
26982
27008
27045
27047
27074
27081
27110
27118
27180
27190
27191
27192
27194
27242
27253
27291
27293
27333
27362
27387
27413
27418
27442
27467
27509
27516
27522
27531
27538
27601
27627
27641
27643
27660
27672
27705
27742
27794
27801
27842
27929
27942
27950
27959
27967
27979
28069
28128
28141
28188
28190
28220
28224
28248
28286
28314
28315
28331
28338
28360
28364
28380
28389
28414
28417
28419
28435
28440
28443
28514
28518
28547
28553
28574
28583
28636
28661
28758
28796
28797
28808
28856
28875
28881
28884
28913
28932
28934
28935
28947
28966
28978
29016
29024
29032
29042
29059
29093
29096
29105
29110
29138
29167
29175
29193
29194
29202
29204
29208
29218
29243
29326
29350
29382
29407
29443
29447
29481
29498
29505
29535
29543
29549
29564
29581
29598
29613
29619
29630
29632
29654
29676
29690
29692
29743
29756
29789
29802
29834
29909
29948
29976
30010
30010
30027
30146
30163
30197
30205
30226
30284
30284
30300
30324
30332
30391
30411
30437
30438
30446
30492
30498
30508
30525
30536
30584
30587
30589
30644
30687
30692
30717
30737
30754
30917
30932
30972
30997
31001
31003
31008
31019
31044
31120
31134
31174
31224
31277
31296
31301
31312
31316
31336
31359
31378
31385
31399
31436
31466
31503
31563
31567
31579
31641
31653
31674
31694
31695
31714
31720
31734
31738
31741
31750
31756
31759
31766
31770
31830
31846
31846
31848
31848
31866
31867
31883
31888
31898
31901
31908
31910
31930
31947
31950
31952
31952
31955
32011
32019
32053
32100
32107
32123
32158
32160
32216
32223
32261
32291
32308
32317
32332
32332
32339
32375
32381
32384
32401
32406
32412
32424
32442
32457
32495
32521
32522
32546
32557
32559
32583
32593
32593
32603
32609
32613
32621
32623
32644
32654
32676
32704
32706
32725
32731
32742
32744
