15387
32375
6971
984
3576
24994
5809
5327
31301
17246
28881
11953
16664
2491
17531
22958
32623
32011
6859
5185
11370
8259
29167
3765
30391
26788
9781
16359
5709
6298
29032
14157
26205
16868
29789
20535
23429
13045
32457
10837
10824
21402
2389
2938
12731
13534
5621
3743
32384
22571
27253
17451
31224
29105
22869
10098
6581
10763
3286
3451
9006
8992
2133
28934
22455
17480
21464
16333
7344
4529
1511
3339
29692
4864
8093
19771
22709
3387
28414
32546
21533
5094
27531
26127
24280
13676
16660
14690
25177
18113
31950
27979
28315
4678
4261
30932
30737
28141
8403
15650
12767
31901
20402
29175
22602
7896
31694
15228
32621
22171
9279
19774
14894
8837
26422
15990
11633
5180
20181
29581
25484
9741
24644
16607
29690
5074
8449
10944
21331
15129
1655
26300
24443
18050
979
547
31770
10345
10771
20934
21325
10437
3679
3835
3740
2640
27293
17895
7211
2793
11328
30972
21556
17206
25952
7616
4788
10637
21520
22224
6501
15381
29676
3877
19949
5672
19953
23191
10325
29948
31378
16287
26044
28547
2567
20065
21325
25999
18153
10474
17774
27194
1788
24758
3898
11653
32332
19829
3634
10559
18555
16654
7727
5417
7257
15589
2460
26199
23989
3162
18913
24025
371
26770
11298
27291
30687
2425
11818
25226
4417
18439
10146
22264
4274
13763
4999
2114
24877
19846
3547
15536
8425
8578
22938
32412
30438
10882
751
1495
26310
7283
29096
20552
5855
25636
32744
11734
15502
12874
26907
17289
8910
14279
9519
18923
32521
30508
1026
2741
2094
20348
7446
24999
1027
9267
26508
17592
16061
18054
3664
5999
8398
1005
21649
19857
22270
32223
7796
8444
16573
11996
29193
24275
6327
16561
1150
4059
2986
6136
10130
37
12660
14558
11085
27118
7281
26921
2030
18371
29443
13177
25638
4585
18290
12237
19331
27387
8695
13642
10543
32725
28947
22840
23258
7857
21541
24398
28661
18832
29756
32559
26913
18396
24362
9012
3047
31563
6362
1132
7849
31750
22243
18401
8408
16395
6748
285
21352
20943
7155
15853
9601
23080
15929
32613
22904
363
31296
17444
30205
27601
31336
2010
22422
21792
22390
23559
30284
3975
11238
32261
13219
27081
29059
3656
17616
16542
23860
19685
3367
16214
11545
32593
31955
5055
7382
25451
18377
6473
29743
21437
2303
16232
25558
255
9688
12090
9344
25821
1507
29802
3134
20987
29382
11604
3595
17717
13429
1641
22433
23595
15784
1237
402
5373
31883
25696
1427
15187
9143
3218
28443
9889
32609
24859
31277
11689
10961
29042
5233
29505
14870
19387
29834
28758
11257
30446
15268
24369
14383
22582
21836
27641
19923
1943
2437
20089
22035
22484
29976
12580
3881
5520
23595
2390
5005
16819
2837
17629
24936
19215
14705
28856
30284
2884
9073
15646
21283
2784
19830
707
31846
20683
9693
11606
19088
16611
31003
12110
7889
19939
27660
25318
20486
649
28808
31846
25577
9720
26680
29093
26757
32603
27047
31436
494
31947
23452
4188
46
16755
23208
2675
4482
24305
7419
17739
25799
15872
18555
28419
20527
31316
28440
25250
20536
13766
9561
13401
29407
9905
26427
21256
784
26012
16188
25348
2146
15897
25523
13848
28417
1772
15970
1225
27627
17776
4686
19678
29024
8247
13263
31008
18323
25841
1763
13919
7590
9615
14279
6581
9941
12456
25033
31759
6130
26907
6232
12008
6417
16630
1629
28248
32644
23446
6094
13390
25610
6928
24959
20761
26947
7376
15164
27950
18023
27008
16406
22565
27192
23596
10490
18692
18997
1187
13704
29632
12817
2336
5921
6145
10083
19241
4674
27942
13727
21432
18961
3977
13893
19097
27190
21252
26968
32019
8940
7860
29202
14282
11096
13820
3030
30692
15897
4813
2918
14187
17440
13605
86
22770
8642
3030
2753
30332
23051
23177
14650
6041
31830
16642
773
4818
4122
18342
12936
7751
29447
5434
21500
21399
23890
12781
31848
11008
77
31641
31952
12744
29498
12102
21929
32731
25185
11248
32401
12469
13408
21130
22077
25474
6595
10050
20147
1668
15060
6151
10681
29110
30644
3144
22925
5295
28331
8703
22998
15304
15549
15343
5339
12417
11390
17705
10483
14625
18215
19925
8764
15261
31720
25903
31888
1979
20864
21712
437
3191
22028
8495
22484
31910
16668
29543
21549
9945
31756
20539
26120
1156
1170
16471
11759
17504
23955
19928
5402
21517
571
31503
31019
11516
3916
5762
16412
26764
5814
4148
26741
24435
20841
13351
27074
22624
9063
28190
31044
2527
9757
31399
1767
29564
11507
10585
1652
21035
30754
5211
22792
13287
2501
28966
27333
28314
20788
24203
22727
32317
8333
21495
13145
3648
8339
5622
12393
12844
14012
21494
25146
4487
4485
21326
18009
2808
20233
19326
16594
4779
29138
22456
22435
20471
6127
8608
17009
15934
10310
10577
8826
21781
27180
20128
30411
31653
15155
32676
8371
19281
22339
12406
3191
26010
26349
53
21063
24895
18427
12109
25457
4776
17484
19193
6101
13188
10975
12807
12185
11698
32557
22236
7454
3421
12988
25271
11058
24172
7409
7738
21383
31001
9510
17190
22883
479
21244
7014
31898
8346
14578
4431
22714
13034
27959
5414
17541
32216
1213
31714
17828
8892
17551
15156
27801
23390
32100
9925
11510
16731
17780
4799
1484
9418
1162
32654
3687
13856
1627
13032
15160
1873
1814
25098
28435
10296
28220
20805
11419
25145
11186
3258
31738
22309
27413
7778
22741
1885
4429
25937
15486
827
14437
29243
6252
19373
7577
3383
21737
9763
13745
18627
10251
26540
23438
17928
22757
31579
19715
3680
17150
10224
27110
9750
11779
22708
26982
15469
19896
28069
31134
7395
32308
22227
32107
17846
4174
32522
23675
18344
14931
18865
6567
21247
250
10226
9091
5585
11417
2332
4915
20350
7832
10821
19840
15742
6950
2355
14891
17757
23340
32381
1408
3
31359
17133
8239
2617
5722
25641
29016
15977
12299
27794
28389
15269
10220
17005
4124
24043
25749
577
20084
2984
31312
22655
10408
31866
26318
7784
23563
23866
13592
15916
18459
30010
7623
8783
12376
12491
30584
13393
20567
13571
2939
11918
30226
24765
8907
17763
5762
24288
24387
27538
4208
11749
13582
13800
4488
16531
6240
8733
20911
7181
13155
17659
6294
5903
14453
9154
16783
7797
9360
15564
12704
8957
1545
877
29654
5197
7038
21277
28636
3384
24330
7641
28364
5437
20922
22982
25157
6992
6981
29208
8638
3550
20983
16178
4634
13323
32495
18958
27516
11326
12938
24288
4444
13279
15647
13046
12507
7263
24557
8675
6483
4473
2641
17884
819
5304
30525
28514
14602
21050
16101
16418
22241
12979
12475
27929
5070
20148
2462
27643
18886
10030
23118
4054
12211
18226
12836
22770
31174
13050
25088
31741
21519
18477
27522
25700
27467
29535
28797
13828
30717
24279
13992
4610
32704
32406
5015
8951
16603
7573
21738
13393
31766
20557
30917
22774
4300
28796
19072
25898
8002
1575
14239
16306
9527
16859
28932
20025
18620
27705
11363
244
17734
28338
6647
16770
12034
22926
25203
18710
104
2867
16700
8663
9747
23716
3797
22407
31952
30536
20378
7011
30197
14317
6834
24395
22004
17164
27967
11299
16687
11854
15831
14201
2830
25424
25656
31848
31567
8099
10551
23484
32158
13848
4858
1878
28518
30010
16743
15571
32742
22299
28380
4968
22151
24148
26913
24848
29549
17479
5787
31466
32332
23719
23490
21724
30589
21051
29909
17533
32593
8414
6092
27442
10149
28875
29326
2967
950
14103
22884
20000
27191
16255
14765
14592
7585
868
9428
24393
20171
29204
1920
2901
11706
3659
24842
26726
31930
1274
3892
28553
22957
8518
536
7104
12708
16852
27742
10591
4780
13124
17330
25783
20459
5115
9589
19442
11243
9510
29619
2110
32053
11515
15958
558
290
20034
19609
5468
20718
30997
23231
10068
11534
22756
24580
9645
4803
25532
28884
12153
20464
28360
4411
28128
2345
27672
2973
24583
26124
13729
8103
7735
22484
2437
7557
22587
11819
7061
16725
4873
28224
24596
25308
27045
8218
29630
19832
21827
1580
17673
21590
16556
29481
25259
30437
27362
12825
4956
10635
23815
13485
6877
5782
30587
31695
20537
27509
23109
28286
26955
1576
11444
4825
8064
5877
2117
23929
4575
2653
2760
2820
2118
20302
21439
14335
31734
19866
28935
10980
2385
8360
32442
1141
12003
27242
32339
19023
32160
21134
10515
32706
7788
1529
16804
16608
20705
19057
10493
5076
18252
31385
14981
25718
1016
32291
13179
24092
7088
4673
10645
6066
383
30300
21735
17933
16314
20745
12551
26748
16960
24889
14703
9120
5633
20399
17698
15998
16829
13496
17811
30163
7182
9750
27842
6567
17065
24893
32424
10533
5857
26050
20949
24746
25453
5136
17240
28188
3946
9309
8671
16253
676
2524
21535
8128
7953
5684
15990
5595
29598
28978
11215
14877
3118
14522
15815
30146
736
23812
10254
24773
13969
3333
15119
12789
19107
18218
467
30027
21500
25164
30498
31867
22353
8929
5612
15817
31908
12399
18664
5406
7179
32583
32123
7003
1972
623
24027
2029
14118
14816
30324
20642
14281
28913
19083
31674
1705
16660
7201
22594
14199
11456
27418
4253
3281
26286
28574
19300
26050
6472
5056
20080
9357
16991
12381
22580
29350
30492
4423
9040
1538
9273
1187
18532
19344
7792
31120
29218
6920
5940
29194
6056
22499
18848
19469
12556
9130
29613
9725
6712
1396
28583
25157
6136
10923
